1665702004793
1665702037973
1665702102024
1665702162822
1665702167096
1665702167389
1665702171912
1665702175405
1665702180429
1665702192272
1665702197279
1665702224590
1665702229563
1665702289474
1665702294397
1665702433580
1665702438527
1665702447292
1665702463611
1665702495877
1665702560645
1665703059417
1665703064051
1665703072200
1665703088300
1665703121152
1665703186086
1665703483021
1665703487388
1665703496021
1665703512071
1665703544841
1665703609575
1665703666803
1665703670918
1665703679069
1665703695169
1665703728020
1665703789765
1665703792921
1665703794747
1665703803598
1665703820081
1665703852682
1665703917087
1665704120413
1665704125062
1665704133246
1665704149430
1665704182431
1665704202961
1665704206978
1665704215944
1665704232661
1665704246648
1665704264696
1665704329008
1665704550492
1665704554574
1665704562641
1665704579608
1665704612160
1665704676461
1665704753405
1665704758188
1665704766657
1665704783337
1665704790937
1665704795570
1665704803722
1665704816372
1665704819828
1665704852661
1665704878102
1665704880622
1665704882151
1665704890168
1665704907036
1665704917560
1665704939412
1665704985014
1665704989029
1665704997997
1665705004254
1665705014714
1665705046748
1665705111051
1665705261633
1665705265901
1665705274332
1665705291016
1665705324018
1665705388185
1665705589066
1665705593099
1665705602089
1665705618832
1665705651134
1665705695733
1665705700515
1665705704623
1665705708889
1665705708966
1665705715586
1665705717323
1665705725682
1665705734007
1665705757716
1665705767007
1665705782755
1665705786920
1665705795154
1665705811443
1665705822016
1665705831175
1665705835749
1665705840315
1665705843623
1665705848316
1665705865150
1665705869901
1665705874500
1665705882583
1665705897417
1665705899584
1665705899994
1665705904580
1665705908241
1665705912610
1665705929511
1665705932185
1665705961929
1665705962201
1665705996605
1665705997332
1665706002165
1665706010698
1665706025965
1665706027582
1665706059949
1665706121042
1665706124918
1665706125358
1665706133892
1665706135684
1665706140218
1665706149184
1665706150774
1665706165902
1665706183142
1665706197936
1665706221577
1665706225644
1665706233677
1665706248093
1665706250578
1665706262238
1665706282996
1665706347032
1665706424567
1665706429018
1665706437934
1665706449101
1665706453484
1665706454552
1665706462150
1665706478284
1665706487421
1665706511202
1665706552352
1665706554405
1665706558836
1665706567620
1665706576237
1665706583970
1665706616288
1665706681278
1665706700751
1665706705388
1665706714033
1665706730280
1665706763052
1665706767436
1665706772072
1665706780239
1665706785699
1665706790264
1665706796390
1665706798502
1665706815148
1665706828053
1665706829340
1665706847499
1665706893426
1665706912417
1665706996183
1665707000633
1665707009433
1665707025815
1665707058274
1665707123251
1665707140670
1665707144986
1665707153520
1665707170403
1665707202753
1665707267706
1665707498765
1665707503681
1665707512429
1665707528676
1665707532623
1665707536773
1665707544990
1665707560682
1665707561224
1665707561364
1665707565547
1665707573814
1665707590164
1665707593308
1665707622498
1665707625033
1665707657726
1665707687384
1665707723189
1665707727338
1665707735538
1665707751739
1665707770009
1665707774108
1665707782208
1665707783758
1665707792531
1665707796847
1665707798208
1665707805380
1665707822265
1665707830885
1665707848057
1665707854632
1665707895409
1665707919602
1665708359950
1665708364332
1665708372999
1665708389117
1665708422000
1665708482427
1665708486969
1665708487160
1665708494039
1665708495592
1665708498388
1665708506990
1665708512011
1665708524006
1665708544645
1665708556649
1665708609115
1665708621110
1665708719804
1665708722430
1665708723853
1665708726787
1665708732870
1665708735421
1665708738371
1665708742953
1665708748619
1665708749703
1665708751004
1665708751474
1665708752669
1665708760686
1665708767939
1665708777553
1665708781970
1665708784222
1665708797558
1665708800423
1665708802357
1665708809871
1665708810842
1665708827626
1665708846723
1665708848924
1665708856504
1665708859780
1665708861287
1665708864576
1665708869771
1665708874757
1665708886538
1665708899821
1665708904467
1665708912784
1665708918740
1665708924346
1665708929234
1665708961768
1665708969433
1665708973748
1665708982282
1665708983192
1665708999166
1665709026035
1665709031517
1665709033597
1665709037663
1665709045697
1665709062597
1665709094981
1665709096486
1665709109443
1665709114243
1665709122725
1665709123096
1665709127946
1665709136530
1665709139493
1665709153541
1665709160017
1665709171645
1665709186049
1665709192397
1665709197030
1665709205181
1665709221282
1665709236164
1665709250352
1665709254149
1665709319183
1665709525438
1665709530237
1665709538721
1665709555505
1665709587655
1665709637403
1665709641436
1665709644589
1665709648696
1665709650419
1665709652224
1665709656863
1665709667169
1665709672997
1665709699287
1665709705931
1665709763738
1665709769966
1665709818444
1665709822493
1665709831510
1665709848327
1665709880562
1665709945283
1665710225894
1665710230777
1665710239427
1665710255511
1665710288328
1665710353162
1665710436585
1665710440812
1665710448984
1665710465268
1665710497468
1665710562085
1665710707158
1665710711327
1665710719457
1665710735640
1665710768670
1665710832643
1665710838855
1665710843354
1665710852254
1665710868838
1665710901622
1665710942279
1665710946379
1665710954480
1665710966424
1665710971515
1665710978576
1665710983419
1665710988715
1665710992003
1665710993665
